Step 7: Joint Support Tags
Sequence | Max Force
------------------------------
2010       | 43.10   
2010       | 60.15   
2010       | 15.31   
2010       | 25.54   
2010       | 44.86   
2010       | 54.52   
2010       | 7.56    
2010       | 15.98   
2010       | 9.33    
2010       | 16.93   
2010       | 23.17   
2010       | 29.74   
2010       | 43.27   
2010       | 29.08   
2010       | 42.39   
2020       | 44.04   
2020       | 101.15  
2020       | 21.91   
2020       | 49.53   
2020       | 42.70   
2020       | 78.34   
2020       | 14.72   
2020       | 31.74   
2020       | 77.29   
2020       | 16.51   
2020       | 33.86   
2020       | 32.04   
2020       | 75.60   
2020       | 31.74   
2020       | 74.03   
2050       | 131.74  
2050       | 97.07   
2050       | 128.60  
2050       | 113.91  
2050       | 36.91   
2050       | 16.28   
2050       | 7.47    
2050       | 6.15    
2050       | 55.77   
2050       | 34.62   
2050       | 128.60  
2050       | 113.91  
2050       | 36.91   
2050       | 16.28   
2050       | 23.60   
2050       | 53.17   
2050       | 40.24   
2050       | 99.03   
2050       | 64.43   
2050       | 91.08   
2050       | 66.06   
2060       | 106.10  
2060       | 98.45   
2060       | 45.42   
2060       | 41.39   
2060       | 88.19   
2060       | 83.80   
2060       | 32.34   
2060       | 29.70   
2060       | 33.26   
2060       | 41.05   
2060       | 38.53   
2060       | 79.59   
2060       | 73.65   
2060       | 72.99   
2060       | 67.25   
2070       | 91.80   
2070       | 99.38   
2070       | 35.36   
2070       | 39.92   
2070       | 81.23   
2070       | 85.39   
2070       | 19.78   
2070       | 23.59   
2070       | 4.82    
2070       | 34.01   
2070       | 36.85   
2070       | 64.90   
2070       | 71.02   
2070       | 62.87   
2070       | 68.77   
2080 & 2085 | 88.10   
2080 & 2085 | 11.50   
2080 & 2085 | 2.50    
2080 & 2085 | 3.97    
2080 & 2085 | 106.91  
2080 & 2085 | 20.58   
2080 & 2085 | 5.02    
2080 & 2085 | 1.65    
2080 & 2085 | 53.28   
2080 & 2085 | 7.78    
2080 & 2085 | 1.79    
2080 & 2085 | 2.18    
2080 & 2085 | 60.28   
2080 & 2085 | 11.66   
2080 & 2085 | 2.76    
2080 & 2085 | 1.32    
2080 & 2085 | 42.88   
2080 & 2085 | 3.45    
2080 & 2085 | 0.91    
2080 & 2085 | 2.53    
2080 & 2085 | 61.36   
2080 & 2085 | 14.04   
2080 & 2085 | 3.23    
2080 & 2085 | 0.59    
2080 & 2085 | 44.03   
2080 & 2085 | 6.85    
2080 & 2085 | 1.61    
2080 & 2085 | 1.74    
2080 & 2085 | 47.99   
2080 & 2085 | 9.12    
2080 & 2085 | 2.16    
2080 & 2085 | 1.25    
2080 & 2085 | 105.40  
2080 & 2085 | 17.83   
2080 & 2085 | 4.11    
2080 & 2085 | 3.13    
2080 & 2085 | 29.96   
2080 & 2085 | 3.84    
2080 & 2085 | 1.00    
2080 & 2085 | 1.51    
2080 & 2085 | 37.13   
2080 & 2085 | 8.28    
2080 & 2085 | 1.93    
2080 & 2085 | 0.71    
2080 & 2085 | 70.11   
2080 & 2085 | 9.54    
2080 & 2085 | 2.13    
2080 & 2085 | 3.07    
2080 & 2085 | 82.90   
2080 & 2085 | 16.16   
2080 & 2085 | 3.87    
2080 & 2085 | 1.50    
2080 & 2085 | 68.82   
2080 & 2085 | 9.26    
2080 & 2085 | 2.07    
2080 & 2085 | 2.99    
2080 & 2085 | 81.38   
2080 & 2085 | 15.84   
2080 & 2085 | 3.80    
2080 & 2085 | 1.44    
2080 & 2085 | 14.19   
2080 & 2085 | 1.05    
2080 & 2085 | 0.19    
2080 & 2085 | 1.34    
2080 & 2085 | 29.68   
2080 & 2085 | 7.61    
2080 & 2085 | 1.76    
2080 & 2085 | 0.16    
2080 & 2085 | 32.32   
2080 & 2085 | 5.63    
2080 & 2085 | 1.24    
2080 & 2085 | 0.96    
2080 & 2085 | 17.27   
2080 & 2085 | 2.06    
2080 & 2085 | 0.10    
2080 & 2085 | 1.78    
2080 & 2085 | 39.30   
2080 & 2085 | 10.11   
2080 & 2085 | 2.33    
2080 & 2085 | 0.07    
2120       | 50.54   
2120       | 43.63   
2120       | 20.71   
2120       | 16.56   
2120       | 48.18   
2120       | 44.57   
2120       | 12.45   
2120       | 9.02    
2120       | 4.01    
2120       | 19.71   
2120       | 17.31   
2120       | 36.08   
2120       | 30.45   
2120       | 35.27   
2120       | 29.93   
2130       | 99.31   
2130       | 8.55    
2130       | 48.97   
2130       | 8.50    
2130       | 79.85   
2130       | 23.95   
2130       | 30.78   
2130       | 7.34    
2130       | 76.93   
2130       | 33.47   
2130       | 8.00    
2130       | 74.40   
2130       | 5.14    
2130       | 72.90   
2130       | 5.30    
2200       | 81.97   
2200       | 62.13   
2200       | 33.58   
2200       | 21.93   
2200       | 73.73   
2200       | 63.58   
2200       | 20.85   
2200       | 11.22   
2200       | 12.29   
2200       | 30.89   
2200       | 24.07   
2200       | 60.74   
2200       | 44.30   
2200       | 55.98   
2200       | 40.93   
2210       | 117.30  
2210       | 45.48   
2210       | 57.95   
2210       | 23.98   
2210       | 92.70   
2210       | 41.87   
2210       | 38.54   
2210       | 18.11   
2210       | 86.89   
2210       | 41.07   
2210       | 16.92   
2210       | 87.52   
2210       | 33.59   
2210       | 86.24   
2210       | 33.16   
2240       | 63.08   
2240       | 121.67  
2240       | 26.98   
2240       | 57.34   
2240       | 59.88   
2240       | 92.60   
2240       | 16.47   
2240       | 36.23   
2240       | 82.33   
2240       | 23.46   
2240       | 40.96   
2240       | 44.82   
2240       | 90.65   
2240       | 43.74   
2240       | 87.76   
2350       | 95.23   
2350       | 74.94   
2350       | 39.59   
2350       | 27.57   
2350       | 81.94   
2350       | 70.75   
2350       | 24.16   
2350       | 14.53   
2350       | 11.43   
2350       | 35.75   
2350       | 28.48   
2350       | 68.21   
2350       | 52.47   
2350       | 66.63   
2350       | 50.80   
2350       | 66.56   
2350       | 51.64   
2350       | 9.38    
2350       | 93.08   
2350       | 73.72   
2420       | 60.93   
2420       | 110.75  
2420       | 22.75   
2420       | 50.26   
2420       | 65.07   
2420       | 89.31   
2420       | 16.59   
2420       | 30.76   
2420       | 59.04   
2420       | 28.21   
2420       | 37.65   
2420       | 42.62   
2420       | 81.81   
2420       | 40.96   
2420       | 78.98   
2460       | 67.97   
2460       | 64.45   
2460       | 27.13   
2460       | 25.04   
2460       | 62.49   
2460       | 60.59   
2460       | 15.92   
2460       | 14.19   
2460       | 3.27    
2460       | 25.88   
2460       | 24.63   
2460       | 48.46   
2460       | 45.64   
2460       | 46.95   
2460       | 44.24   
2470       | 57.19   
2470       | 7.93    
2470       | 1.83    
2470       | 14.52   
2470       | 4.77    
2470       | 1.48    
2470       | 26.93   
2470       | 4.46    
2470       | 1.10    
2470       | 1.79    
2470       | 3.21    
2470       | 0.96    
2470       | 45.90   
2470       | 4.86    
2470       | 1.29    
2470       | 17.34   
2470       | 1.89    
2470       | 0.82    
2470       | 19.12   
2470       | 3.73    
2470       | 0.94    
2470       | 2.99    
2470       | 3.01    
2470       | 0.86    
2470       | 25.31   
2470       | 5.70    
2470       | 1.63    
2470       | 21.91   
2470       | 3.19    
2470       | 0.85    
2470       | 4.37    
2470       | 1.99    
2470       | 0.66    
2470       | 42.33   
2470       | 6.13    
2470       | 1.43    
2470       | 8.60    
2470       | 3.92    
2470       | 1.19    
2470       | 41.38   
2470       | 6.08    
2470       | 1.45    
2470       | 8.15    
2470       | 3.88    
2470       | 1.20    
2470       | 28.21   
2470       | 2.01    
2470       | 1.19    
2470       | 7.93    
2470       | 0.02    
2470       | 0.27    
2470       | 24.46   
2470       | 1.14    
2470       | 1.37    
2470       | 37.98   
2470       | 2.69    
2470       | 1.52    
2470       | 10.85   
2470       | 0.01    
2470       | 0.02    
2670       | 43.09   
2670       | 7.52    
2670       | 6.03    
2670       | 0.07    
2670       | 25.63   
2670       | 3.81    
2670       | 3.84    
2670       | 0.09    
2670       | 49.94   
2670       | 7.28    
2670       | 0.08    
2670       | 5.69    
2670       | 54.38   
2670       | 5.29    
2670       | 0.08    
2670       | 6.98    
2670       | 43.19   
2670       | 0.61    
2670       | 11.99   
2670       | 0.05    
2670       | 53.28   
2670       | 0.01    
2670       | 11.65   
2670       | 0.05    
2670       | 23.77   
2670       | 4.12    
2670       | 3.43    
2670       | 0.05    
2670       | 16.30   
2670       | 2.68    
2670       | 2.57    
2670       | 0.07    
2670       | 30.21   
2670       | 4.79    
2670       | 3.94    
2670       | 0.13    
2670       | 11.95   
2670       | 1.29    
2670       | 1.95    
2670       | 0.24    
2670       | 19.07   
2670       | 3.48    
2670       | 2.67    
2670       | 0.05    
2670       | 14.72   
2670       | 2.65    
2670       | 2.18    
2670       | 0.07    
2670       | 36.25   
2670       | 5.62    
2670       | 5.30    
2670       | 0.03    
2670       | 16.63   
2670       | 2.95    
2670       | 2.25    
2670       | 0.10    
2670       | 8.41    
2670       | 1.55    
2670       | 1.48    
2670       | 0.18    
2670       | 33.08   
2670       | 5.74    
2670       | 4.66    
2670       | 0.06    
2670       | 20.43   
2670       | 3.17    
2670       | 3.14    
2670       | 0.08    
2670       | 33.10   
2670       | 5.70    
2670       | 4.64    
2670       | 0.06    
2670       | 20.40   
2670       | 3.15    
2670       | 3.13    
2670       | 0.08    
2670       | 39.06   
2670       | 5.62    
2670       | 0.08    
2670       | 4.53    
2670       | 42.10   
2670       | 4.25    
2670       | 0.07    
2670       | 5.43    
2670       | 33.28   
2670       | 0.40    
2670       | 9.39    
2670       | 0.04    
2670       | 39.56   
2670       | 0.01    
2670       | 9.17    
2670       | 0.04    
2670       | 55.28   
2670       | 6.24    
2670       | 0.04    
2670       | 6.31    
2670       | 39.17   
2670       | 0.02    
2670       | 12.05   
2670       | 0.02    
2670       | 21.07   
2670       | 2.41    
2670       | 4.76    
2670       | 0.06    
2670       | 9.47    
2670       | 0.08    
2670       | 3.47    
2670       | 0.08    
2670       | 23.63   
2670       | 2.03    
2670       | 5.50    
2670       | 0.03    
2670       | 28.40   
2670       | 3.22    
2670       | 6.13    
2670       | 0.07    
2670       | 10.51   
2670       | 0.04    
2670       | 4.34    
2670       | 0.09    
2690       | 41.31   
2690       | 42.48   
2690       | 16.30   
2690       | 16.97   
2690       | 39.92   
2690       | 40.94   
2690       | 9.27    
2690       | 9.90    
2690       | 0.12    
2690       | 16.52   
2690       | 17.19   
2690       | 29.19   
2690       | 29.83   
2690       | 28.63   
2690       | 29.61   
2700       | 27.04   
2700       | 1.63    
2700       | 25.26   
2700       | 0.88    
2700       | 11.12   
2700       | 0.92    
2700       | 10.06   
2700       | 0.63    
2700       | 27.38   
2700       | 1.18    
2700       | 26.44   
2700       | 0.40    
2700       | 5.52    
2700       | 0.82    
2700       | 7.62    
2700       | 0.65    
2700       | 7.89    
2700       | 1.47    
2700       | 10.19   
2700       | 0.71    
2700       | 12.06   
2700       | 0.40    
2700       | 19.33   
2700       | 1.25    
2700       | 17.59   
2700       | 0.72    
2700       | 18.91   
2700       | 1.26    
2700       | 17.63   
2700       | 0.74    
2710       | 50.01   
2710       | 13.61   
2710       | 24.65   
2710       | 7.24    
2710       | 44.22   
2710       | 17.90   
2710       | 17.61   
2710       | 6.87    
2710       | 28.49   
2710       | 20.30   
2710       | 6.09    
2710       | 37.37   
2710       | 9.72    
2710       | 36.77   
2710       | 9.66    
2720       | 25.62   
2720       | 34.25   
2720       | 9.31    
2720       | 14.47   
2720       | 29.51   
2720       | 34.41   
2720       | 4.64    
2720       | 9.07    
2720       | 4.11    
2720       | 11.13   
2720       | 14.57   
2720       | 17.77   
2720       | 24.41   
2720       | 17.40   
2720       | 24.19   
2730 & 2735 | 33.67   
2730 & 2735 | 11.53   
2730 & 2735 | 4.78    
2730 & 2735 | 44.01   
2730 & 2735 | 16.74   
2730 & 2735 | 6.21    
2730 & 2735 | 19.08   
2730 & 2735 | 8.00    
2730 & 2735 | 2.99    
2730 & 2735 | 23.20   
2730 & 2735 | 10.29   
2730 & 2735 | 3.53    
2730 & 2735 | 16.80   
2730 & 2735 | 4.63    
2730 & 2735 | 2.18    
2730 & 2735 | 28.37   
2730 & 2735 | 12.17   
2730 & 2735 | 3.70    
2730 & 2735 | 15.79   
2730 & 2735 | 7.17    
2730 & 2735 | 2.63    
2730 & 2735 | 18.18   
2730 & 2735 | 8.51    
2730 & 2735 | 2.94    
2730 & 2735 | 38.10   
2730 & 2735 | 14.68   
2730 & 2735 | 5.59    
2730 & 2735 | 10.09   
2730 & 2735 | 4.31    
2730 & 2735 | 1.77    
2730 & 2735 | 15.00   
2730 & 2735 | 7.37    
2730 & 2735 | 2.35    
2730 & 2735 | 25.85   
2730 & 2735 | 9.67    
2730 & 2735 | 3.79    
2730 & 2735 | 33.02   
2730 & 2735 | 13.52   
2730 & 2735 | 4.76    
2730 & 2735 | 25.75   
2730 & 2735 | 9.65    
2730 & 2735 | 3.79    
2730 & 2735 | 32.92   
2730 & 2735 | 13.49   
2730 & 2735 | 4.75    
2730 & 2735 | 4.60    
2730 & 2735 | 0.27    
2730 & 2735 | 0.44    
2730 & 2735 | 11.36   
2730 & 2735 | 5.22    
2730 & 2735 | 1.28    
2730 & 2735 | 12.13   
2730 & 2735 | 5.00    
2730 & 2735 | 1.28    
2730 & 2735 | 6.62    
2730 & 2735 | 0.27    
2730 & 2735 | 0.45    
2730 & 2735 | 16.13   
2730 & 2735 | 7.17    
2730 & 2735 | 1.66    
2760       | 214.98  
2760       | 167.96  
2760       | 125.13  
2760       | 106.26  
2760       | 95.44   
2760       | 53.51   
2760       | 115.40  
2760       | 104.04  
2760       | 170.14  
2760       | 68.39   
2760       | 48.12   
2760       | 168.24  
2760       | 135.10  
2760       | 166.78  
2760       | 133.84  
2760       | 166.86  
2760       | 134.54  
2760       | 163.37  
2760       | 213.17  
2760       | 167.29  
2790       | 122.79  
2790       | 1.99    
2790       | 76.57   
2790       | 1.40    
2790       | 67.73   
2790       | 1.21    
2790       | 49.25   
2790       | 0.98    
2790       | 75.59   
2790       | 1.30    
2790       | 22.46   
2790       | 0.64    
2790       | 54.42   
2790       | 1.02    
2790       | 43.77   
2790       | 0.89    
2790       | 98.80   
2790       | 1.68    
2790       | 45.70   
2790       | 0.89    
2790       | 24.40   
2790       | 0.62    
2790       | 93.82   
2790       | 1.57    
2790       | 61.45   
2790       | 1.17    
2790       | 93.60   
2790       | 1.57    
2790       | 61.27   
2790       | 1.17    
2790       | 19.66   
2790       | 0.06    
2790       | 60.41   
2790       | 0.00    
2790       | 44.85   
2790       | 0.01    
2790       | 21.33   
2790       | 0.06    
2790       | 79.92   
2790       | 0.01    
2830       | 26.94   
2830       | 27.12   
2830       | 10.69   
2830       | 10.77   
2830       | 29.45   
2830       | 29.83   
2830       | 6.19    
2830       | 6.21    
2830       | 0.56    
2830       | 11.77   
2830       | 11.93   
2830       | 19.11   
2830       | 19.04   
2830       | 18.66   
2830       | 18.86   
2840       | 28.80   
2840       | 5.99    
2840       | 20.07   
2840       | 4.45    
2840       | 15.38   
2840       | 3.46    
2840       | 11.70   
2840       | 2.85    
2840       | 19.98   
2840       | 3.49    
2840       | 11.32   
2840       | 2.00    
2840       | 12.16   
2840       | 2.99    
2840       | 9.98    
2840       | 2.64    
2840       | 23.75   
2840       | 5.00    
2840       | 10.76   
2840       | 2.38    
2840       | 6.68    
2840       | 1.77    
2840       | 21.73   
2840       | 4.65    
2840       | 15.51   
2840       | 3.58    
2840       | 21.75   
2840       | 4.63    
2840       | 15.51   
2840       | 3.57    
2840       | 10.76   
2840       | 1.10    
2840       | 4.66    
2840       | 0.07    
2840       | 12.17   
2840       | 0.94    
2840       | 14.74   
2840       | 1.47    
2840       | 5.29    
2840       | 0.04    
2860       | 43.96   
2860       | 31.68   
2860       | 18.73   
2860       | 11.32   
2860       | 41.28   
2860       | 34.71   
2860       | 11.91   
2860       | 5.41    
2860       | 6.30    
2860       | 18.07   
2860       | 13.24   
2860       | 31.60   
2860       | 21.67   
2860       | 31.07   
2860       | 21.52   
2870       | 16.51   
2870       | 2.20    
2870       | 2.11    
2870       | 0.80    
2870       | 7.74    
2870       | 1.20    
2870       | 1.95    
2870       | 0.65    
2870       | 12.72   
2870       | 1.58    
2870       | 4.76    
2870       | 0.13    
2870       | 5.58    
2870       | 0.97    
2870       | 2.24    
2870       | 0.65    
2870       | 9.25    
2870       | 1.45    
2870       | 5.91    
2870       | 0.92    
2870       | 0.94    
2870       | 0.34    
2870       | 11.93   
2870       | 1.69    
2870       | 1.80    
2870       | 0.71    
2870       | 11.98   
2870       | 1.67    
2870       | 1.87    
2870       | 0.70    
2880 & 2885 | 35.63   
2880 & 2885 | 6.68    
2880 & 2885 | 6.36    
2880 & 2885 | 63.18   
2880 & 2885 | 9.09    
2880 & 2885 | 6.58    
2880 & 2885 | 39.93   
2880 & 2885 | 5.70    
2880 & 2885 | 0.28    
2880 & 2885 | 56.74   
2880 & 2885 | 5.84    
2880 & 2885 | 0.33    
2880 & 2885 | 35.91   
2880 & 2885 | 7.99    
2880 & 2885 | 6.71    
2880 & 2885 | 32.76   
2880 & 2885 | 7.79    
2880 & 2885 | 6.72    
2880 & 2885 | 23.27   
2880 & 2885 | 3.62    
2880 & 2885 | 3.90    
2880 & 2885 | 34.71   
2880 & 2885 | 4.38    
2880 & 2885 | 3.98    
2880 & 2885 | 14.67   
2880 & 2885 | 8.79    
2880 & 2885 | 3.46    
2880 & 2885 | 49.24   
2880 & 2885 | 9.89    
2880 & 2885 | 3.66    
2880 & 2885 | 18.28   
2880 & 2885 | 2.94    
2880 & 2885 | 3.45    
2880 & 2885 | 24.41   
2880 & 2885 | 3.29    
2880 & 2885 | 3.50    
2880 & 2885 | 67.79   
2880 & 2885 | 5.53    
2880 & 2885 | 6.13    
2880 & 2885 | 10.08   
2880 & 2885 | 3.92    
2880 & 2885 | 2.62    
2880 & 2885 | 22.33   
2880 & 2885 | 4.29    
2880 & 2885 | 2.70    
2880 & 2885 | 28.71   
2880 & 2885 | 5.12    
2880 & 2885 | 5.04    
2880 & 2885 | 48.46   
2880 & 2885 | 6.62    
2880 & 2885 | 5.19    
2880 & 2885 | 28.63   
2880 & 2885 | 5.13    
2880 & 2885 | 5.02    
2880 & 2885 | 48.14   
2880 & 2885 | 6.59    
2880 & 2885 | 5.17    
2880 & 2885 | 32.98   
2880 & 2885 | 4.00    
2880 & 2885 | 0.27    
2880 & 2885 | 44.52   
2880 & 2885 | 4.11    
2880 & 2885 | 0.31    
2880 & 2885 | 27.00   
2880 & 2885 | 5.97    
2880 & 2885 | 5.30    
2880 & 2885 | 24.65   
2880 & 2885 | 5.85    
2880 & 2885 | 5.31    
2880 & 2885 | 70.50   
2880 & 2885 | 0.40    
2880 & 2885 | 0.22    
2880 & 2885 | 30.32   
2880 & 2885 | 5.34    
2880 & 2885 | 6.51    
2030       | 24.41   
2030       | 4.98    
2030       | 0.59    
2030       | 71.52   
2030       | 5.36    
2030       | 0.62    
2030       | 30.59   
2030       | 5.55    
2030       | 0.65    
2030       | 32.19   
2030       | 5.72    
2030       | 0.68    
2030       | 45.65   
2030       | 0.02    
2030       | 0.01    
2030       | 54.00   
2030       | 0.06    
2030       | 0.02    
2030       | 18.68   
2030       | 3.02    
2030       | 0.38    
2030       | 37.73   
2030       | 3.16    
2030       | 0.40    
2030       | 8.59    
2030       | 2.57    
2030       | 0.33    
2030       | 53.24   
2030       | 3.01    
2030       | 0.39    
2030       | 14.42   
2030       | 2.56    
2030       | 0.33    
2030       | 25.14   
2030       | 2.65    
2030       | 0.34    
2030       | 69.00   
2030       | 5.26    
2030       | 0.62    
2030       | 5.29    
2030       | 1.83    
2030       | 0.25    
2030       | 23.70   
2030       | 1.99    
2030       | 0.27    
2030       | 20.87   
2030       | 3.92    
2030       | 0.47    
2030       | 54.19   
2030       | 4.17    
2030       | 0.50    
2030       | 20.71   
2030       | 3.91    
2030       | 0.47    
2030       | 53.70   
2030       | 4.17    
2030       | 0.50    
2030       | 22.49   
2030       | 4.36    
2030       | 0.52    
2030       | 23.71   
2030       | 4.48    
2030       | 0.54    
2030       | 36.23   
2030       | 0.02    
2030       | 0.00    
2030       | 42.22   
2030       | 0.05    
2030       | 0.01    
2030       | 24.12   
2030       | 5.97    
2030       | 0.72    
2030       | 72.42   
2030       | 0.01    
2030       | 0.00    
2040       | 25.35   
2040       | 5.33    
2040       | 1.53    
2040       | 25.51   
2040       | 5.33    
2040       | 1.53    
2040       | 10.80   
2040       | 0.13    
2040       | 0.05    
2040       | 10.80   
2040       | 0.13    
2040       | 0.05    
2040       | 25.35   
2040       | 5.33    
2040       | 1.53    
2040       | 25.51   
2040       | 5.33    
2040       | 1.53    
2040       | 10.30   
2040       | 3.22    
2040       | 0.95    
2040       | 10.40   
2040       | 3.22    
2040       | 0.95    
2040       | 27.74   
2040       | 2.92    
2040       | 0.89    
2040       | 27.84   
2040       | 2.92    
2040       | 0.89    
2040       | 6.06    
2040       | 2.68    
2040       | 0.79    
2040       | 6.14    
2040       | 2.68    
2040       | 0.79    
2040       | 8.31    
2040       | 5.60    
2040       | 1.67    
2040       | 11.26   
2040       | 1.96    
2040       | 0.60    
2040       | 11.32   
2040       | 1.96    
2040       | 0.60    
2040       | 17.89   
2040       | 4.21    
2040       | 1.22    
2040       | 18.02   
2040       | 4.21    
2040       | 1.22    
2040       | 17.71   
2040       | 4.19    
2040       | 1.22    
2040       | 17.84   
2040       | 4.19    
2040       | 1.22    
2040       | 7.99    
2040       | 0.12    
2040       | 0.04    
2040       | 7.99    
2040       | 0.12    
2040       | 0.04    
2040       | 17.89   
2040       | 4.21    
2040       | 1.22    
2040       | 18.02   
2040       | 4.21    
2040       | 1.22    
2040       | 3.41    
2040       | 0.09    
2040       | 0.03    
2040       | 8.31    
2040       | 5.60    
2040       | 1.67    
2090       | 28.04   
2090       | 5.38    
2090       | 1.96    
2090       | 28.56   
2090       | 5.38    
2090       | 1.96    
2090       | 28.04   
2090       | 5.38    
2090       | 1.96    
2090       | 28.56   
2090       | 5.38    
2090       | 1.96    
2090       | 10.54   
2090       | 0.12    
2090       | 0.04    
2090       | 10.54   
2090       | 0.12    
2090       | 0.04    
2090       | 12.31   
2090       | 3.24    
2090       | 1.21    
2090       | 12.59   
2090       | 3.24    
2090       | 1.21    
2090       | 28.34   
2090       | 2.90    
2090       | 1.13    
2090       | 28.81   
2090       | 2.90    
2090       | 1.13    
2090       | 8.13    
2090       | 2.69    
2090       | 1.01    
2090       | 8.35    
2090       | 2.69    
2090       | 1.01    
2090       | 14.84   
2090       | 5.57    
2090       | 2.07    
2090       | 11.90   
2090       | 1.97    
2090       | 0.77    
2090       | 12.18   
2090       | 1.97    
2090       | 0.77    
2090       | 20.06   
2090       | 4.24    
2090       | 1.55    
2090       | 20.47   
2090       | 4.24    
2090       | 1.55    
2090       | 19.97   
2090       | 4.22    
2090       | 1.55    
2090       | 20.36   
2090       | 4.22    
2090       | 1.55    
2090       | 20.06   
2090       | 4.24    
2090       | 1.55    
2090       | 20.47   
2090       | 4.24    
2090       | 1.55    
2090       | 7.75    
2090       | 0.10    
2090       | 0.04    
2090       | 7.75    
2090       | 0.10    
2090       | 0.04    
2090       | 14.84   
2090       | 5.57    
2090       | 2.07    
2090       | 3.00    
2090       | 0.07    
2090       | 0.03    
2110       | 27.01   
2110       | 8.84    
2110       | 37.34   
2110       | 8.81    
2110       | 27.01   
2110       | 8.84    
2110       | 37.34   
2110       | 8.81    
2110       | 10.51   
2110       | 0.16    
2110       | 10.61   
2110       | 0.15    
2110       | 11.25   
2110       | 5.33    
2110       | 16.88   
2110       | 5.31    
2110       | 28.94   
2110       | 4.90    
2110       | 34.98   
2110       | 4.87    
2110       | 7.19    
2110       | 4.37    
2110       | 11.25   
2110       | 4.37    
2110       | 15.75   
2110       | 9.22    
2110       | 11.62   
2110       | 3.33    
2110       | 15.62   
2110       | 3.32    
2110       | 19.00   
2110       | 6.96    
2110       | 27.08   
2110       | 6.94    
2110       | 18.95   
2110       | 6.93    
2110       | 26.82   
2110       | 6.91    
2110       | 19.00   
2110       | 6.96    
2110       | 27.08   
2110       | 6.94    
2110       | 7.71    
2110       | 0.14    
2110       | 7.79    
2110       | 0.14    
2110       | 15.75   
2110       | 9.22    
2110       | 2.92    
2110       | 0.10    
2100       | 54.31   
2100       | 50.40   
2100       | 21.94   
2100       | 19.56   
2100       | 49.98   
2100       | 47.97   
2100       | 12.97   
2100       | 10.92   
2100       | 2.43    
2100       | 21.62   
2100       | 20.19   
2100       | 38.65   
2100       | 35.23   
2100       | 37.80   
2100       | 34.83   
2140       | 38.43   
2140       | 4.90    
2140       | 2.15    
2140       | 33.44   
2140       | 4.89    
2140       | 2.14    
2140       | 30.93   
2140       | 5.95    
2140       | 2.64    
2140       | 30.95   
2140       | 5.94    
2140       | 2.64    
2140       | 62.02   
2140       | 0.04    
2140       | 0.02    
2140       | 61.66   
2140       | 0.04    
2140       | 0.02    
2140       | 15.93   
2140       | 2.96    
2140       | 1.32    
2140       | 12.94   
2140       | 2.96    
2140       | 1.31    
2140       | 37.88   
2140       | 2.65    
2140       | 1.21    
2140       | 34.93   
2140       | 2.63    
2140       | 1.20    
2140       | 9.47    
2140       | 2.61    
2140       | 1.16    
2140       | 7.49    
2140       | 2.61    
2140       | 1.16    
2140       | 6.36    
2140       | 4.34    
2140       | 1.93    
2140       | 15.80   
2140       | 2.03    
2140       | 0.93    
2140       | 14.39   
2140       | 2.03    
2140       | 0.92    
2140       | 27.31   
2140       | 3.86    
2140       | 1.70    
2140       | 23.37   
2140       | 3.85    
2140       | 1.69    
2140       | 27.02   
2140       | 3.85    
2140       | 1.70    
2140       | 23.11   
2140       | 3.84    
2140       | 1.70    
2140       | 21.86   
2140       | 4.69    
2140       | 2.09    
2140       | 21.89   
2140       | 4.68    
2140       | 2.08    
2140       | 49.03   
2140       | 0.04    
2140       | 0.02    
2140       | 48.76   
2140       | 0.04    
2140       | 0.02    
2140       | 7.79    
2140       | 5.94    
2140       | 2.67    
2140       | 88.48   
2140       | 0.02    
2140       | 0.01    
2150       | 16.94   
2150       | 79.44   
2150       | 9.04    
2150       | 38.94   
2150       | 20.72   
2150       | 68.68   
2150       | 9.06    
2150       | 26.99   
2150       | 55.49   
2150       | 7.36    
2150       | 30.95   
2150       | 11.46   
2150       | 59.31   
2150       | 11.59   
2150       | 58.25   
2160       | 30.31   
2160       | 36.24   
2160       | 11.47   
2160       | 15.06   
2160       | 30.58   
2160       | 33.60   
2160       | 6.10    
2160       | 9.17    
2160       | 3.12    
2160       | 12.31   
2160       | 14.55   
2160       | 20.99   
2160       | 25.74   
2160       | 20.90   
2160       | 25.53   
2170       | 6.93    
2170       | 5.51    
2170       | 2.34    
2170       | 51.99   
2170       | 6.12    
2170       | 1.87    
2170       | 25.63   
2170       | 0.06    
2170       | 0.03    
2170       | 34.08   
2170       | 0.12    
2170       | 0.05    
2170       | 22.10   
2170       | 5.70    
2170       | 2.71    
2170       | 30.90   
2170       | 6.23    
2170       | 2.25    
2170       | 5.70    
2170       | 3.40    
2170       | 1.39    
2170       | 25.86   
2170       | 3.64    
2170       | 1.21    
2170       | 14.42   
2170       | 2.81    
2170       | 1.44    
2170       | 43.60   
2170       | 3.52    
2170       | 1.00    
2170       | 5.65    
2170       | 2.94    
2170       | 1.19    
2170       | 17.34   
2170       | 3.08    
2170       | 1.08    
2170       | 36.38   
2170       | 5.68    
2170       | 1.97    
2170       | 4.69    
2170       | 2.16    
2170       | 1.01    
2170       | 19.40   
2170       | 2.45    
2170       | 0.82    
2170       | 5.03    
2170       | 4.39    
2170       | 1.82    
2170       | 38.89   
2170       | 4.82    
2170       | 1.49    
2170       | 5.17    
2170       | 4.36    
2170       | 1.84    
2170       | 38.37   
2170       | 4.78    
2170       | 1.51    
2170       | 20.39   
2170       | 0.06    
2170       | 0.02    
2170       | 26.64   
2170       | 0.11    
2170       | 0.04    
2170       | 15.27   
2170       | 4.53    
2170       | 2.12    
2170       | 22.27   
2170       | 4.90    
2170       | 1.79    
2170       | 40.25   
2170       | 0.05    
2170       | 0.02    
2170       | 9.56    
2170       | 5.91    
2170       | 2.54    
2180       | 28.53   
2180       | 6.20    
2180       | 2.00    
2180       | 31.60   
2180       | 6.21    
2180       | 2.01    
2180       | 27.90   
2180       | 6.81    
2180       | 2.24    
2180       | 27.92   
2180       | 6.81    
2180       | 2.25    
2180       | 33.54   
2180       | 0.06    
2180       | 0.03    
2180       | 33.95   
2180       | 0.06    
2180       | 0.03    
2180       | 11.02   
2180       | 3.75    
2180       | 1.24    
2180       | 12.87   
2180       | 3.75    
2180       | 1.25    
2180       | 30.58   
2180       | 3.37    
2180       | 1.19    
2180       | 32.47   
2180       | 3.39    
2180       | 1.20    
2180       | 6.23    
2180       | 3.21    
2180       | 1.06    
2180       | 7.57    
2180       | 3.21    
2180       | 1.06    
2180       | 2.34    
2180       | 5.96    
2180       | 2.00    
2180       | 12.52   
2180       | 2.46    
2180       | 0.85    
2180       | 13.42   
2180       | 2.47    
2180       | 0.86    
2180       | 19.89   
2180       | 4.88    
2180       | 1.59    
2180       | 22.34   
2180       | 4.89    
2180       | 1.60    
2180       | 19.71   
2180       | 4.88    
2180       | 1.59    
2180       | 22.11   
2180       | 4.88    
2180       | 1.60    
2180       | 19.58   
2180       | 5.36    
2180       | 1.78    
2180       | 19.59   
2180       | 5.36    
2180       | 1.78    
2180       | 26.62   
2180       | 0.05    
2180       | 0.03    
2180       | 26.93   
2180       | 0.05    
2180       | 0.03    
2180       | 1.15    
2180       | 6.89    
2180       | 2.35    
2180       | 45.60   
2180       | 0.03    
2180       | 0.01    
2190       | 28.79   
2190       | 5.97    
2190       | 2.57    
2190       | 28.77   
2190       | 5.97    
2190       | 2.57    
2190       | 11.44   
2190       | 0.15    
2190       | 0.06    
2190       | 11.44   
2190       | 0.15    
2190       | 0.06    
2190       | 28.79   
2190       | 5.97    
2190       | 2.57    
2190       | 28.77   
2190       | 5.97    
2190       | 2.57    
2190       | 11.64   
2190       | 3.61    
2190       | 1.57    
2190       | 11.63   
2190       | 3.61    
2190       | 1.57    
2190       | 30.47   
2190       | 3.29    
2190       | 1.47    
2190       | 30.46   
2190       | 3.29    
2190       | 1.47    
2190       | 6.88    
2190       | 3.05    
2190       | 1.32    
2190       | 6.87    
2190       | 3.05    
2190       | 1.32    
2190       | 7.15    
2190       | 6.01    
2190       | 2.66    
2190       | 12.60   
2190       | 2.33    
2190       | 1.02    
2190       | 12.59   
2190       | 2.33    
2190       | 1.02    
2190       | 20.32   
2190       | 4.72    
2190       | 2.02    
2190       | 20.30   
2190       | 4.72    
2190       | 2.02    
2190       | 20.08   
2190       | 4.69    
2190       | 2.03    
2190       | 20.07   
2190       | 4.69    
2190       | 2.03    
2190       | 8.65    
2190       | 0.13    
2190       | 0.06    
2190       | 8.65    
2190       | 0.13    
2190       | 0.06    
2190       | 20.32   
2190       | 4.72    
2190       | 2.02    
2190       | 20.30   
2190       | 4.72    
2190       | 2.02    
2190       | 4.42    
2190       | 0.10    
2190       | 0.05    
2190       | 7.15    
2190       | 6.01    
2190       | 2.66    
2220       | 62.89   
2220       | 5.63    
2220       | 5.27    
2220       | 5.31    
2220       | 24.47   
2220       | 7.11    
2220       | 24.85   
2220       | 6.95    
2220       | 68.11   
2220       | 0.06    
2220       | 62.40   
2220       | 0.04    
2220       | 31.85   
2220       | 3.39    
2220       | 9.03    
2220       | 3.26    
2220       | 52.26   
2220       | 3.11    
2220       | 10.83   
2220       | 2.72    
2220       | 21.63   
2220       | 2.88    
2220       | 8.52    
2220       | 2.81    
2220       | 47.60   
2220       | 5.31    
2220       | 23.49   
2220       | 2.18    
2220       | 2.23    
2220       | 2.02    
2220       | 47.16   
2220       | 4.44    
2220       | 6.55    
2220       | 4.22    
2220       | 46.63   
2220       | 4.42    
2220       | 6.66    
2220       | 4.19    
2220       | 17.01   
2220       | 5.61    
2220       | 17.68   
2220       | 5.50    
2220       | 53.18   
2220       | 0.05    
2220       | 49.00   
2220       | 0.03    
2220       | 5.82    
2220       | 7.47    
2220       | 87.03   
2220       | 0.02    
2230       | 26.28   
2230       | 4.99    
2230       | 1.73    
2230       | 27.18   
2230       | 4.99    
2230       | 1.73    
2230       | 10.62   
2230       | 0.12    
2230       | 0.05    
2230       | 10.62   
2230       | 0.12    
2230       | 0.05    
2230       | 26.28   
2230       | 4.99    
2230       | 1.73    
2230       | 27.18   
2230       | 4.99    
2230       | 1.73    
2230       | 10.95   
2230       | 3.01    
2230       | 1.06    
2230       | 11.46   
2230       | 3.01    
2230       | 1.06    
2230       | 28.08   
2230       | 2.73    
2230       | 0.99    
2230       | 28.59   
2230       | 2.73    
2230       | 0.98    
2230       | 6.66    
2230       | 2.50    
2230       | 0.88    
2230       | 7.05    
2230       | 2.50    
2230       | 0.88    
2230       | 11.76   
2230       | 5.27    
2230       | 1.89    
2230       | 11.42   
2230       | 1.83    
2230       | 0.66    
2230       | 11.76   
2230       | 1.83    
2230       | 0.66    
2230       | 18.60   
2230       | 3.94    
2230       | 1.37    
2230       | 19.30   
2230       | 3.94    
2230       | 1.37    
2230       | 18.47   
2230       | 3.92    
2230       | 1.37    
2230       | 19.16   
2230       | 3.92    
2230       | 1.37    
2230       | 7.80    
2230       | 0.10    
2230       | 0.04    
2230       | 7.81    
2230       | 0.10    
2230       | 0.04    
2230       | 18.60   
2230       | 3.94    
2230       | 1.37    
2230       | 19.30   
2230       | 3.94    
2230       | 1.37    
2230       | 3.01    
2230       | 0.07    
2230       | 0.03    
2230       | 11.76   
2230       | 5.27    
2230       | 1.89    
2280       | 4.12    
2280       | 3.51    
2280       | 0.26    
2280       | 5.08    
2280       | 3.47    
2280       | 0.92    
2280       | 21.09   
2280       | 3.00    
2280       | 0.00    
2280       | 6.44    
2280       | 2.97    
2280       | 0.89    
2280       | 3.14    
2280       | 2.78    
2280       | 0.25    
2280       | 3.75    
2280       | 2.75    
2280       | 0.63    
2280       | 9.91    
2280       | 6.11    
2280       | 2.16    
2280       | 7.88    
2280       | 2.02    
2280       | 0.02    
2280       | 2.88    
2280       | 2.00    
2280       | 0.39    
2280       | 5.78    
2280       | 4.58    
2280       | 0.17    
2280       | 7.39    
2280       | 4.50    
2280       | 1.33    
2280       | 5.78    
2280       | 4.56    
2280       | 0.18    
2280       | 7.40    
2280       | 4.49    
2280       | 1.33    
2280       | 17.51   
2280       | 4.58    
2280       | 0.01    
2280       | 3.88    
2280       | 4.58    
2280       | 0.62    
2280       | 6.57    
2280       | 0.15    
2280       | 0.55    
2280       | 8.99    
2280       | 0.11    
2280       | 0.96    
2280       | 6.23    
2280       | 6.17    
2280       | 0.09    
2280       | 9.51    
2280       | 0.09    
2280       | 2.15    
2270       | 15.72   
2270       | 15.46   
2270       | 34.89   
2270       | 34.44   
2270       | 9.04    
2270       | 8.92    
2270       | 0.45    
2270       | 14.75   
2270       | 14.54   
2270       | 27.67   
2270       | 27.60   
2270       | 27.53   
2270       | 27.05   
2260       | 14.93   
2260       | 14.69   
2260       | 34.65   
2260       | 34.50   
2260       | 8.63    
2260       | 8.44    
2260       | 0.60    
2260       | 14.46   
2260       | 14.33   
2260       | 26.56   
2260       | 26.21   
2260       | 26.05   
2260       | 25.74   
2250       | 14.51   
2250       | 3.01    
2250       | 31.62   
2250       | 3.15    
2250       | 2.05    
2250       | 2.40    
2250       | 42.71   
2250       | 2.81    
2250       | 10.40   
2250       | 2.46    
2250       | 20.24   
2250       | 2.54    
2250       | 58.59   
2250       | 5.09    
2250       | 0.84    
2250       | 1.74    
2250       | 18.84   
2250       | 1.90    
2250       | 15.23   
2250       | 3.88    
2250       | 45.36   
2250       | 4.12    
2250       | 15.09   
2250       | 3.88    
2250       | 45.00   
2250       | 4.12    
2250       | 33.97   
2250       | 0.03    
2250       | 39.68   
2250       | 0.07    
2250       | 14.02   
2250       | 4.40    
2250       | 14.34   
2250       | 4.52    
2250       | 68.10   
2250       | 0.02    
2250       | 5.97    
2250       | 5.99    
2300       | 7.00    
2300       | 2.98    
2300       | 6.67    
2300       | 2.98    
2300       | 17.33   
2300       | 2.51    
2300       | 17.02   
2300       | 2.51    
2300       | 4.37    
2300       | 2.53    
2300       | 4.11    
2300       | 2.53    
2300       | 5.94    
2300       | 4.89    
2300       | 7.18    
2300       | 1.82    
2300       | 6.96    
2300       | 1.82    
2300       | 11.78   
2300       | 3.88    
2300       | 11.33   
2300       | 3.88    
2300       | 11.75   
2300       | 3.87    
2300       | 11.30   
2300       | 3.87    
2300       | 11.78   
2300       | 3.88    
2300       | 11.33   
2300       | 3.88    
2300       | 6.07    
2300       | 0.12    
2300       | 6.06    
2300       | 0.12    
2300       | 5.94    
2300       | 4.89    
2300       | 2.61    
2300       | 0.09    
2290       | 5.51    
2290       | 3.33    
2290       | 2.82    
2290       | 3.88    
2290       | 3.08    
2290       | 2.44    
2290       | 5.85    
2290       | 3.05    
2290       | 2.66    
2290       | 1.56    
2290       | 2.37    
2290       | 1.73    
2290       | 4.27    
2290       | 2.78    
2290       | 2.38    
2290       | 3.35    
2290       | 2.63    
2290       | 2.16    
2290       | 7.86    
2290       | 5.05    
2290       | 4.08    
2290       | 3.23    
2290       | 2.15    
2290       | 1.83    
2290       | 1.40    
2290       | 1.87    
2290       | 1.45    
2290       | 7.88    
2290       | 4.38    
2290       | 3.76    
2290       | 5.04    
2290       | 3.94    
2290       | 3.08    
2290       | 7.91    
2290       | 4.38    
2290       | 3.75    
2290       | 5.07    
2290       | 3.93    
2290       | 3.08    
2290       | 3.14    
2290       | 4.61    
2290       | 0.35    
2290       | 12.10   
2290       | 4.44    
2290       | 0.02    
2290       | 11.51   
2290       | 0.12    
2290       | 3.51    
2290       | 23.43   
2290       | 0.04    
2290       | 3.28    
2290       | 4.07    
2290       | 5.80    
2290       | 0.07    
2290       | 29.14   
2290       | 0.04    
2290       | 4.05    
2285       | 4.68    
2285       | 4.23    
2285       | 4.68    
2285       | 4.23    
2285       | 3.87    
2285       | 3.29    
2285       | 3.87    
2285       | 3.29    
2285       | 3.51    
2285       | 3.47    
2285       | 3.52    
2285       | 3.47    
2285       | 7.94    
2285       | 8.09    
2285       | 2.30    
2285       | 2.32    
2285       | 2.30    
2285       | 2.32    
2285       | 6.83    
2285       | 5.51    
2285       | 6.83    
2285       | 5.51    
2285       | 6.84    
2285       | 5.50    
2285       | 6.84    
2285       | 5.50    
2285       | 6.83    
2285       | 5.51    
2285       | 6.83    
2285       | 5.51    
2285       | 4.80    
2285       | 0.09    
2285       | 4.80    
2285       | 0.09    
2285       | 7.94    
2285       | 8.09    
2285       | 2.51    
2285       | 0.07    
2320       | 6.81    
2320       | 3.16    
2320       | 6.81    
2320       | 2.84    
2320       | 19.30   
2320       | 2.84    
2320       | 19.51   
2320       | 2.20    
2320       | 4.26    
2320       | 2.75    
2320       | 4.21    
2320       | 2.56    
2320       | 4.89    
2320       | 4.64    
2320       | 7.67    
2320       | 2.07    
2320       | 7.75    
2320       | 1.81    
2320       | 11.69   
2320       | 4.19    
2320       | 11.70   
2320       | 3.63    
2320       | 11.57   
2320       | 4.18    
2320       | 11.58   
2320       | 3.62    
2320       | 6.05    
2320       | 0.28    
2320       | 14.64   
2320       | 0.04    
2320       | 4.16    
2320       | 0.05    
2310       | 7.83    
2310       | 2.53    
2310       | 17.54   
2310       | 2.62    
2310       | 6.79    
2310       | 2.01    
2310       | 25.41   
2310       | 2.28    
2310       | 6.53    
2310       | 2.30    
2310       | 11.71   
2310       | 2.35    
2310       | 29.96   
2310       | 3.74    
2310       | 3.46    
2310       | 1.66    
2310       | 11.31   
2310       | 1.77    
2310       | 8.90    
2310       | 3.27    
2310       | 25.44   
2310       | 3.42    
2310       | 8.87    
2310       | 3.27    
2310       | 25.31   
2310       | 3.42    
2310       | 17.41   
2310       | 0.03    
2310       | 21.24   
2310       | 0.05    
2310       | 12.34   
2310       | 3.60    
2310       | 13.03   
2310       | 3.69    
2310       | 36.00   
2310       | 0.01    
2310       | 11.05   
2310       | 4.34    
2410       | 29.06   
2410       | 6.13    
2410       | 2.15    
2410       | 28.81   
2410       | 6.13    
2410       | 2.15    
2410       | 29.06   
2410       | 6.13    
2410       | 2.15    
2410       | 28.81   
2410       | 6.13    
2410       | 2.15    
2410       | 11.19   
2410       | 0.14    
2410       | 0.05    
2410       | 11.19   
2410       | 0.14    
2410       | 0.05    
2410       | 12.07   
2410       | 3.70    
2410       | 1.33    
2410       | 11.93   
2410       | 3.70    
2410       | 1.33    
2410       | 30.30   
2410       | 3.38    
2410       | 1.24    
2410       | 30.09   
2410       | 3.38    
2410       | 1.24    
2410       | 7.44    
2410       | 3.14    
2410       | 1.12    
2410       | 7.33    
2410       | 3.14    
2410       | 1.12    
2410       | 10.27   
2410       | 6.16    
2410       | 2.22    
2410       | 12.59   
2410       | 2.39    
2410       | 0.88    
2410       | 12.48   
2410       | 2.39    
2410       | 0.88    
2410       | 20.57   
2410       | 4.84    
2410       | 1.70    
2410       | 20.38   
2410       | 4.84    
2410       | 1.70    
2410       | 20.41   
2410       | 4.81    
2410       | 1.71    
2410       | 20.22   
2410       | 4.81    
2410       | 1.71    
2410       | 20.57   
2410       | 4.84    
2410       | 1.70    
2410       | 20.38   
2410       | 4.84    
2410       | 1.70    
2410       | 8.37    
2410       | 0.12    
2410       | 0.04    
2410       | 8.37    
2410       | 0.12    
2410       | 0.04    
2410       | 10.27   
2410       | 6.16    
2410       | 2.22    
2410       | 3.94    
2410       | 0.09    
2410       | 0.03    
2400       | 44.23   
2400       | 44.11   
2400       | 17.59   
2400       | 17.49   
2400       | 42.10   
2400       | 42.27   
2400       | 10.17   
2400       | 10.03   
2400       | 0.41    
2400       | 17.72   
2400       | 17.74   
2400       | 31.30   
2400       | 30.93   
2400       | 30.70   
2400       | 30.68   
2390       | 20.96   
2390       | 8.09    
2390       | 79.50   
2390       | 7.96    
2390       | 60.29   
2390       | 0.03    
2390       | 60.67   
2390       | 0.03    
2390       | 25.70   
2390       | 9.83    
2390       | 73.20   
2390       | 9.68    
2390       | 15.60   
2390       | 4.85    
2390       | 40.57   
2390       | 4.79    
2390       | 16.96   
2390       | 4.51    
2390       | 66.27   
2390       | 4.35    
2390       | 15.20   
2390       | 4.21    
2390       | 29.82   
2390       | 4.18    
2390       | 57.41   
2390       | 7.63    
2390       | 7.55    
2390       | 3.27    
2390       | 31.56   
2390       | 3.21    
2390       | 17.26   
2390       | 6.35    
2390       | 60.02   
2390       | 6.25    
2390       | 17.27   
2390       | 6.33    
2390       | 59.01   
2390       | 6.23    
2390       | 47.29   
2390       | 0.03    
2390       | 47.57   
2390       | 0.03    
2390       | 21.15   
2390       | 7.70    
2390       | 55.54   
2390       | 7.59    
2390       | 86.31   
2390       | 0.01    
2390       | 56.81   
2390       | 10.22   
2360       | 26.82   
2360       | 6.06    
2360       | 0.34    
2360       | 52.22   
2360       | 6.15    
2360       | 0.34    
2360       | 35.61   
2360       | 7.54    
2360       | 0.41    
2360       | 36.37   
2360       | 7.57    
2360       | 0.42    
2360       | 66.25   
2360       | 0.06    
2360       | 0.01    
2360       | 68.13   
2360       | 0.07    
2360       | 0.01    
2360       | 9.86    
2360       | 3.66    
2360       | 0.24    
2360       | 23.94   
2360       | 3.70    
2360       | 0.24    
2360       | 29.62   
2360       | 3.22    
2360       | 0.22    
2360       | 46.17   
2360       | 3.33    
2360       | 0.22    
2360       | 6.45    
2360       | 3.08    
2360       | 0.21    
2360       | 15.44   
2360       | 3.10    
2360       | 0.21    
2360       | 23.92   
2360       | 5.83    
2360       | 0.34    
2360       | 12.05   
2360       | 2.33    
2360       | 0.18    
2360       | 20.07   
2360       | 2.37    
2360       | 0.18    
2360       | 18.22   
2360       | 4.77    
2360       | 0.28    
2360       | 38.01   
2360       | 4.83    
2360       | 0.28    
2360       | 18.11   
2360       | 4.76    
2360       | 0.29    
2360       | 37.63   
2360       | 4.83    
2360       | 0.28    
2360       | 25.56   
2360       | 5.93    
2360       | 0.34    
2360       | 26.12   
2360       | 5.95    
2360       | 0.34    
2360       | 52.57   
2360       | 0.06    
2360       | 0.01    
2360       | 53.93   
2360       | 0.06    
2360       | 0.01    
2360       | 19.57   
2360       | 7.98    
2360       | 0.45    
2360       | 94.12   
2360       | 0.03    
2360       | 0.00    
2370       | 48.09   
2370       | 2.65    
2370       | 44.94   
2370       | 2.64    
2370       | 19.75   
2370       | 1.62    
2370       | 17.91   
2370       | 1.61    
2370       | 43.66   
2370       | 1.75    
2370       | 42.08   
2370       | 1.75    
2370       | 11.98   
2370       | 1.33    
2370       | 10.53   
2370       | 1.33    
2370       | 11.59   
2370       | 3.01    
2370       | 18.77   
2370       | 1.10    
2370       | 17.66   
2370       | 1.10    
2370       | 34.25   
2370       | 2.08    
2370       | 31.72   
2370       | 2.08    
2370       | 33.58   
2370       | 2.10    
2370       | 31.14   
2370       | 2.09    
2380       | 11.31   
2380       | 3.40    
2380       | 11.32   
2380       | 3.40    
2380       | 25.04   
2380       | 2.92    
2380       | 25.02   
2380       | 2.92    
2380       | 7.29    
2380       | 2.78    
2380       | 7.30    
2380       | 2.78    
2380       | 12.06   
2380       | 5.79    
2380       | 10.47   
2380       | 2.04    
2380       | 10.46   
2380       | 2.04    
2380       | 18.44   
2380       | 4.45    
2380       | 18.45   
2380       | 4.45    
2380       | 18.35   
2380       | 4.42    
2380       | 18.36   
2380       | 4.42    
2380       | 7.22    
2380       | 0.11    
2380       | 7.22    
2380       | 0.11    
2380       | 18.44   
2380       | 4.45    
2380       | 18.45   
2380       | 4.45    
2380       | 2.32    
2380       | 0.08    
2380       | 12.06   
2380       | 5.79    
2430       | 20.43   
2430       | 3.85    
2430       | 1.57    
2430       | 42.44   
2430       | 3.96    
2430       | 1.57    
2430       | 24.51   
2430       | 4.99    
2430       | 2.07    
2430       | 25.21   
2430       | 5.03    
2430       | 2.05    
2430       | 59.81   
2430       | 0.05    
2430       | 0.02    
2430       | 61.50   
2430       | 0.06    
2430       | 0.02    
2430       | 5.95    
2430       | 2.34    
2430       | 0.98    
2430       | 19.14   
2430       | 2.38    
2430       | 0.97    
2430       | 26.67   
2430       | 2.01    
2430       | 0.90    
2430       | 40.19   
2430       | 2.13    
2430       | 0.90    
2430       | 2.57    
2430       | 2.01    
2430       | 0.82    
2430       | 11.96   
2430       | 2.03    
2430       | 0.82    
2430       | 17.22   
2430       | 3.63    
2430       | 1.57    
2430       | 10.15   
2430       | 1.46    
2430       | 0.63    
2430       | 16.86   
2430       | 1.51    
2430       | 0.63    
2430       | 13.39   
2430       | 3.04    
2430       | 1.25    
2430       | 30.79   
2430       | 3.11    
2430       | 1.25    
2430       | 13.27   
2430       | 3.04    
2430       | 1.25    
2430       | 30.50   
2430       | 3.11    
2430       | 1.25    
2430       | 17.20   
2430       | 3.93    
2430       | 1.64    
2430       | 17.74   
2430       | 3.97    
2430       | 1.62    
2430       | 47.44   
2430       | 0.05    
2430       | 0.02    
2430       | 48.66   
2430       | 0.06    
2430       | 0.02    
2430       | 6.77    
2430       | 5.31    
2430       | 2.30    
2430       | 85.94   
2430       | 0.03    
2430       | 0.01    
2440       | 31.74   
2440       | 5.20    
2440       | 5.03    
2440       | 2.50    
2440       | 10.35   
2440       | 2.49    
2440       | 2.96    
2440       | 1.69    
2440       | 17.02   
2440       | 5.24    
2440       | 0.24    
2440       | 0.13    
2440       | 22.31   
2440       | 4.94    
2440       | 0.08    
2440       | 0.03    
2440       | 12.17   
2440       | 0.70    
2440       | 5.60    
2440       | 2.29    
2440       | 28.35   
2440       | 0.05    
2440       | 5.30    
2440       | 1.77    
2440       | 15.84   
2440       | 2.92    
2440       | 2.88    
2440       | 1.45    
2440       | 7.04    
2440       | 1.85    
2440       | 2.07    
2440       | 1.13    
2440       | 21.08   
2440       | 3.39    
2440       | 3.30    
2440       | 1.67    
2440       | 4.40    
2440       | 0.72    
2440       | 1.26    
2440       | 0.82    
2440       | 11.39   
2440       | 2.33    
2440       | 2.29    
2440       | 1.15    
2440       | 6.27    
2440       | 1.72    
2440       | 1.82    
2440       | 0.97    
2440       | 21.94   
2440       | 3.86    
2440       | 4.27    
2440       | 2.34    
2440       | 10.13   
2440       | 2.04    
2440       | 1.97    
2440       | 0.98    
2440       | 0.70    
2440       | 0.95    
2440       | 1.14    
2440       | 0.64    
2440       | 23.55   
2440       | 4.01    
2440       | 3.91    
2440       | 1.95    
2440       | 8.34    
2440       | 2.13    
2440       | 2.47    
2440       | 1.38    
2440       | 23.50   
2440       | 3.99    
2440       | 3.88    
2440       | 1.95    
2440       | 8.32    
2440       | 2.11    
2440       | 2.45    
2440       | 1.38    
2440       | 11.77   
2440       | 4.14    
2440       | 0.20    
2440       | 0.11    
2440       | 16.17   
2440       | 3.91    
2440       | 0.08    
2440       | 0.03    
2440       | 8.04    
2440       | 0.52    
2440       | 4.40    
2440       | 1.79    
2440       | 20.16   
2440       | 0.04    
2440       | 4.17    
2440       | 1.43    
2440       | 8.61    
2440       | 5.07    
2440       | 0.08    
2440       | 0.04    
2440       | 5.89    
2440       | 0.04    
2440       | 5.50    
2440       | 2.25    
2450       | 10.25   
2450       | 2.73    
2450       | 8.18    
2450       | 2.73    
2450       | 25.82   
2450       | 2.26    
2450       | 23.39   
2450       | 2.25    
2450       | 6.36    
2450       | 2.28    
2450       | 4.72    
2450       | 2.28    
2450       | 6.03    
2450       | 4.42    
2450       | 10.59   
2450       | 1.62    
2450       | 9.20    
2450       | 1.62    
2450       | 17.29   
2450       | 3.56    
2450       | 14.49   
2450       | 3.55    
2450       | 17.12   
2450       | 3.55    
2450       | 14.37   
2450       | 3.54    
2450       | 17.11   
2450       | 0.04    
2450       | 15.97   
2450       | 0.04    
2450       | 14.70   
2450       | 3.88    
2450       | 14.78   
2450       | 3.88    
2450       | 23.36   
2450       | 0.02    
2450       | 8.55    
2450       | 5.00    
2530       | 24.13   
2530       | 6.41    
2530       | 1.77    
2530       | 23.06   
2530       | 6.41    
2530       | 1.77    
2530       | 11.05   
2530       | 3.86    
2530       | 1.10    
2530       | 10.49   
2530       | 3.86    
2530       | 1.10    
2530       | 25.07   
2530       | 3.53    
2530       | 1.03    
2530       | 24.34   
2530       | 3.53    
2530       | 1.03    
2530       | 7.95    
2530       | 3.35    
2530       | 0.97    
2530       | 7.57    
2530       | 3.35    
2530       | 0.97    
2530       | 12.95   
2530       | 6.22    
2530       | 1.73    
2530       | 10.77   
2530       | 2.57    
2530       | 0.77    
2530       | 10.30   
2530       | 2.57    
2530       | 0.77    
2530       | 17.45   
2530       | 5.05    
2530       | 1.41    
2530       | 16.62   
2530       | 5.05    
2530       | 1.41    
2530       | 17.38   
2530       | 5.03    
2530       | 1.41    
2530       | 16.57   
2530       | 5.03    
2530       | 1.41    
2520       | 39.77   
2520       | 40.76   
2520       | 16.76   
2520       | 17.30   
2520       | 38.72   
2520       | 39.59   
2520       | 8.95    
2520       | 9.41    
2520       | 20.51   
2520       | 15.79   
2520       | 16.32   
2520       | 28.38   
2520       | 28.97   
2520       | 27.99   
2520       | 28.80   
2510       | 40.42   
2510       | 40.77   
2510       | 16.03   
2510       | 16.25   
2510       | 38.60   
2510       | 38.63   
2510       | 9.21    
2510       | 9.41    
2510       | 0.24    
2510       | 16.36   
2510       | 16.42   
2510       | 28.40   
2510       | 28.77   
2510       | 28.10   
2510       | 28.35   
2490       | 82.72   
2490       | 0.76    
2490       | 16.97   
2490       | 0.95    
2490       | 39.60   
2490       | 0.50    
2490       | 1.18    
2490       | 0.58    
2490       | 64.10   
2490       | 0.41    
2490       | 30.01   
2490       | 0.55    
2490       | 24.53   
2490       | 0.35    
2490       | 2.14    
2490       | 0.39    
2490       | 52.65   
2490       | 1.30    
2490       | 28.09   
2490       | 0.23    
2490       | 11.53   
2490       | 0.29    
2490       | 61.37   
2490       | 0.62    
2490       | 8.93    
2490       | 0.75    
2490       | 60.30   
2490       | 0.62    
2490       | 9.01    
2490       | 0.75    
2480       | 9.96    
2480       | 1.79    
2480       | 22.69   
2480       | 0.01    
2480       | 3.69    
2480       | 0.87    
2480       | 3.70    
2480       | 0.01    
2480       | 9.06    
2480       | 1.43    
2480       | 32.72   
2480       | 0.01    
2480       | 1.96    
2480       | 0.62    
2480       | 1.87    
2480       | 0.12    
2480       | 1.82    
2480       | 0.68    
2480       | 3.36    
2480       | 0.73    
2480       | 9.62    
2480       | 0.01    
2480       | 6.75    
2480       | 1.32    
2480       | 13.50   
2480       | 0.01    
2480       | 6.79    
2480       | 1.31    
2480       | 13.52   
2480       | 0.01    
2540       | 28.16   
2540       | 3.81    
2540       | 26.65   
2540       | 3.81    
2540       | 21.25   
2540       | 5.69    
2540       | 21.30   
2540       | 5.69    
2540       | 78.28   
2540       | 0.02    
2540       | 78.16   
2540       | 0.02    
2540       | 11.34   
2540       | 2.31    
2540       | 10.43   
2540       | 2.31    
2540       | 29.40   
2540       | 1.81    
2540       | 28.68   
2540       | 1.80    
2540       | 6.58    
2540       | 2.11    
2540       | 6.03    
2540       | 2.11    
2540       | 2.51    
2540       | 2.76    
2540       | 11.76   
2540       | 1.60    
2540       | 11.41   
2540       | 1.60    
2540       | 19.84   
2540       | 3.00    
2540       | 18.67   
2540       | 3.00    
2540       | 19.66   
2540       | 3.00    
2540       | 18.47   
2540       | 3.00    
2540       | 15.17   
2540       | 4.47    
2540       | 15.22   
2540       | 4.47    
2540       | 61.81   
2540       | 0.02    
2540       | 61.73   
2540       | 0.02    
2540       | 8.54    
2540       | 5.54    
2540       | 113.16  
2540       | 0.01    
2550       | 12.77   
2550       | 11.70   
2550       | 29.53   
2550       | 28.64   
2550       | 7.50    
2550       | 6.58    
2550       | 0.78    
2550       | 12.28   
2550       | 11.60   
2550       | 22.36   
2550       | 20.93   
2550       | 22.10   
2550       | 20.72   
2560       | 11.94   
2560       | 13.71   
2560       | 30.50   
2560       | 32.02   
2560       | 6.65    
2560       | 8.15    
2560       | 1.64    
2560       | 12.25   
2560       | 13.35   
2560       | 21.62   
2560       | 23.94   
2560       | 21.27   
2560       | 23.58   
2570       | 12.77   
2570       | 10.74   
2570       | 30.33   
2570       | 28.58   
2570       | 7.64    
2570       | 5.91    
2570       | 1.61    
2570       | 12.53   
2570       | 11.24   
2570       | 22.18   
2570       | 19.49   
2570       | 21.88   
2570       | 19.24   
2580       | 32.82   
2580       | 5.15    
2580       | 58.98   
2580       | 29.12   
2580       | 19.40   
2580       | 3.35    
2580       | 50.09   
2580       | 23.17   
2580       | 11.15   
2580       | 52.41   
2580       | 9.75    
2580       | 49.50   
2580       | 10.26   
2610       | 12.86   
2610       | 11.17   
2610       | 29.63   
2610       | 28.21   
2610       | 7.64    
2610       | 6.20    
2610       | 1.30    
2610       | 12.26   
2610       | 11.20   
2610       | 22.41   
2610       | 20.17   
2610       | 22.13   
2610       | 19.92   
2630       | 6.43    
2630       | 3.10    
2630       | 2.82    
2630       | 8.41    
2630       | 3.40    
2630       | 3.18    
2630       | 3.10    
2630       | 2.40    
2630       | 2.06    
2630       | 9.13    
2630       | 3.19    
2630       | 2.98    
2630       | 5.57    
2630       | 2.69    
2630       | 2.55    
2630       | 6.71    
2630       | 2.86    
2630       | 2.75    
2630       | 12.09   
2630       | 5.25    
2630       | 4.64    
2630       | 2.94    
2630       | 1.91    
2630       | 1.75    
2630       | 5.45    
2630       | 2.22    
2630       | 2.12    
2630       | 8.15    
2630       | 3.98    
2630       | 3.58    
2630       | 11.62   
2630       | 4.49    
2630       | 4.21    
2630       | 8.18    
2630       | 3.97    
2630       | 3.58    
2630       | 11.66   
2630       | 4.49    
2630       | 4.21    
2630       | 10.71   
2630       | 0.02    
2630       | 3.85    
2630       | 2.46    
2630       | 0.25    
2630       | 4.04    
2630       | 16.13   
2630       | 4.17    
2630       | 0.04    
2630       | 10.77   
2630       | 4.36    
2630       | 0.30    
2630       | 2.70    
2630       | 0.05    
2630       | 4.68    
2630       | 12.26   
2630       | 5.27    
2630       | 0.09    
2640       | 24.66   
2640       | 20.25   
2640       | 67.06   
2640       | 35.68   
2640       | 2.90    
2640       | 11.80   
2640       | 68.87   
2640       | 29.27   
2640       | 16.02   
2640       | 35.58   
2640       | 28.57   
2640       | 35.44   
2640       | 28.30   
2640       | 136.40  
2640       | 165.00  
2640       | 156.65  
2660       | 6.79    
2660       | 2.72    
2660       | 6.78    
2660       | 2.72    
2660       | 15.27   
2660       | 2.23    
2660       | 15.26   
2660       | 2.23    
2660       | 5.19    
2660       | 2.51    
2660       | 5.18    
2660       | 2.51    
2660       | 7.33    
2660       | 3.91    
2660       | 6.55    
2660       | 1.83    
2660       | 6.54    
2660       | 1.83    
2660       | 10.67   
2660       | 3.54    
2660       | 10.65   
2660       | 3.54    
2660       | 10.71   
2660       | 3.52    
2660       | 10.69   
2660       | 3.52    
2660       | 5.86    
2660       | 0.12    
2660       | 5.86    
2660       | 0.12    
2660       | 10.67   
2660       | 3.54    
2660       | 10.65   
2660       | 3.54    
2660       | 2.18    
2660       | 0.08    
2660       | 7.33    
2660       | 3.91    
2600       | 6.63    
2600       | 2.94    
2600       | 6.66    
2600       | 2.94    
2600       | 19.70   
2600       | 2.45    
2600       | 19.73   
2600       | 2.45    
2600       | 4.04    
2600       | 2.66    
2600       | 4.07    
2600       | 2.66    
2600       | 3.60    
2600       | 4.37    
2600       | 7.78    
2600       | 1.95    
2600       | 7.81    
2600       | 1.95    
2600       | 11.52   
2600       | 3.82    
2600       | 11.57   
2600       | 3.82    
2600       | 11.44   
2600       | 3.81    
2600       | 11.48   
2600       | 3.81    
2600       | 11.52   
2600       | 3.82    
2600       | 11.57   
2600       | 3.82    
2600       | 7.65    
2600       | 0.13    
2600       | 7.65    
2600       | 0.13    
2600       | 3.60    
2600       | 4.37    
2600       | 3.12    
2600       | 0.10    
2590       | 10.13   
2590       | 2.43    
2590       | 4.43    
2590       | 2.41    
2590       | 23.11   
2590       | 2.01    
2590       | 17.72   
2590       | 1.94    
2590       | 6.29    
2590       | 2.31    
2590       | 2.83    
2590       | 2.30    
2590       | 8.30    
2590       | 3.09    
2590       | 9.28    
2590       | 1.72    
2590       | 6.78    
2590       | 1.70    
2590       | 16.37   
2590       | 3.15    
2590       | 8.78    
2590       | 3.12    
2590       | 16.30   
2590       | 3.15    
2590       | 8.74    
2590       | 3.12    
2590       | 27.28   
2590       | 0.05    
2590       | 26.39   
2590       | 0.05    
2590       | 11.07   
2590       | 3.74    
2590       | 10.94   
2590       | 3.72    
2590       | 48.46   
2590       | 0.02    
2590       | 4.38    
2590       | 4.28    
2645       | 5.81    
2645       | 2.73    
2645       | 5.95    
2645       | 2.73    
2645       | 6.99    
2645       | 1.56    
2645       | 7.22    
2645       | 1.56    
2645       | 5.40    
2645       | 2.64    
2645       | 5.48    
2645       | 2.64    
2645       | 7.76    
2645       | 3.69    
2645       | 3.47    
2645       | 1.40    
2645       | 3.63    
2645       | 1.40    
2645       | 8.14    
2645       | 3.55    
2645       | 8.38    
2645       | 3.55    
2645       | 8.11    
2645       | 3.56    
2645       | 8.34    
2645       | 3.56    
2645       | 3.41    
2645       | 0.07    
2645       | 3.41    
2645       | 0.07    
2645       | 8.14    
2645       | 3.55    
2645       | 8.38    
2645       | 3.55    
2645       | 1.43    
2645       | 0.05    
2645       | 7.76    
2645       | 3.69    
2650       | 9.45    
2650       | 3.43    
2650       | 9.38    
2650       | 3.43    
2650       | 23.21   
2650       | 2.92    
2650       | 23.15   
2650       | 2.92    
2650       | 5.91    
2650       | 2.88    
2650       | 5.86    
2650       | 2.88    
2650       | 7.70    
2650       | 5.68    
2650       | 9.56    
2650       | 2.12    
2650       | 9.52    
2650       | 2.12    
2650       | 15.92   
2650       | 4.47    
2650       | 15.83   
2650       | 4.47    
2650       | 15.77   
2650       | 4.46    
2650       | 15.68   
2650       | 4.46    
2650       | 15.92   
2650       | 4.47    
2650       | 15.83   
2650       | 4.47    
2650       | 7.03    
2650       | 0.09    
2650       | 7.03    
2650       | 0.09    
2650       | 7.70    
2650       | 5.68    
2650       | 2.24    
2650       | 0.06    
2500       | 22.28   
2500       | 22.28   
2500       | 23.45   
2500       | 23.46   
2500       | 14.87   
2500       | 14.87   
2500       | 54.78   
2500       | 11.01   
2500       | 11.01   
2500       | 29.89   
2500       | 29.90   
2500       | 29.22   
2500       | 29.22   
2500       | 4.93    
2500       | 4.93    
2500       | 29.89   
2500       | 29.90   
2500       | 0.51    
2500       | 54.78   
2680       | 25.04   
2680       | 6.33    
2680       | 25.09   
2680       | 6.33    
2680       | 8.00    
2680       | 0.13    
2680       | 8.00    
2680       | 0.13    
2680       | 25.04   
2680       | 6.33    
2680       | 25.09   
2680       | 6.33    
2680       | 12.73   
2680       | 3.83    
2680       | 12.75   
2680       | 3.83    
2680       | 22.43   
2680       | 3.42    
2680       | 22.46   
2680       | 3.42    
2680       | 9.90    
2680       | 3.43    
2680       | 9.92    
2680       | 3.43    
2680       | 21.13   
2680       | 6.25    
2680       | 10.24   
2680       | 2.52    
2680       | 10.27   
2680       | 2.52    
2680       | 18.57   
2680       | 4.99    
2680       | 18.61   
2680       | 4.99    
2680       | 18.59   
2680       | 4.98    
2680       | 18.62   
2680       | 4.98    
2680       | 5.88    
2680       | 0.11    
2680       | 5.88    
2680       | 0.11    
2680       | 18.57   
2680       | 4.99    
2680       | 18.61   
2680       | 4.99    
2680       | 2.35    
2680       | 0.08    
2680       | 21.13   
2680       | 6.25    
2765       | 23.31   
2765       | 7.50    
2765       | 23.05   
2765       | 7.50    
2765       | 5.72    
2765       | 0.08    
2765       | 5.72    
2765       | 0.08    
2765       | 23.31   
2765       | 7.50    
2765       | 23.05   
2765       | 7.50    
2765       | 14.38   
2765       | 4.33    
2765       | 14.29   
2765       | 4.33    
2765       | 14.33   
2765       | 2.52    
2765       | 14.15   
2765       | 2.52    
2765       | 13.31   
2765       | 4.16    
2765       | 13.25   
2765       | 4.16    
2765       | 19.78   
2765       | 6.14    
2765       | 8.40    
2765       | 2.16    
2765       | 8.29    
2765       | 2.16    
2765       | 18.72   
2765       | 5.77    
2765       | 18.55   
2765       | 5.77    
2765       | 18.78   
2765       | 5.75    
2765       | 18.61   
2765       | 5.75    
2765       | 4.22    
2765       | 0.07    
2765       | 4.22    
2765       | 0.07    
2765       | 18.72   
2765       | 5.77    
2765       | 18.55   
2765       | 5.77    
2765       | 1.46    
2765       | 0.04    
2765       | 19.78   
2765       | 6.14    
2770       | 23.74   
2770       | 5.83    
2770       | 63.04   
2770       | 6.18    
2770       | 24.81   
2770       | 6.56    
2770       | 31.36   
2770       | 6.73    
2770       | 40.79   
2770       | 0.03    
2770       | 48.30   
2770       | 0.06    
2770       | 17.67   
2770       | 3.53    
2770       | 33.53   
2770       | 3.66    
2770       | 8.04    
2770       | 2.98    
2770       | 48.71   
2770       | 3.40    
2770       | 14.72   
2770       | 3.19    
2770       | 23.59   
2770       | 3.26    
2770       | 59.42   
2770       | 5.46    
2770       | 6.12    
2770       | 2.34    
2770       | 22.38   
2770       | 2.50    
2770       | 20.16   
2770       | 4.58    
2770       | 47.89   
2770       | 4.81    
2770       | 19.99   
2770       | 4.58    
2770       | 47.48   
2770       | 4.81    
2770       | 18.55   
2770       | 5.13    
2770       | 23.40   
2770       | 5.26    
2770       | 32.39   
2770       | 0.02    
2770       | 37.79   
2770       | 0.05    
2770       | 21.41   
2770       | 6.43    
2770       | 64.42   
2770       | 0.01    
2780       | 28.54   
2780       | 5.31    
2780       | 1.45    
2780       | 28.81   
2780       | 5.31    
2780       | 1.45    
2780       | 12.11   
2780       | 0.09    
2780       | 0.04    
2780       | 12.11   
2780       | 0.09    
2780       | 0.04    
2780       | 28.54   
2780       | 5.31    
2780       | 1.45    
2780       | 28.81   
2780       | 5.31    
2780       | 1.45    
2780       | 13.44   
2780       | 3.17    
2780       | 0.89    
2780       | 13.58   
2780       | 3.17    
2780       | 0.89    
2780       | 30.10   
2780       | 2.84    
2780       | 0.83    
2780       | 30.28   
2780       | 2.84    
2780       | 0.83    
2780       | 9.70    
2780       | 2.79    
2780       | 0.79    
2780       | 9.80    
2780       | 2.79    
2780       | 0.79    
2780       | 17.44   
2780       | 5.10    
2780       | 1.44    
2780       | 12.67   
2780       | 2.07    
2780       | 0.60    
2780       | 12.79   
2780       | 2.07    
2780       | 0.60    
2780       | 20.88   
2780       | 4.16    
2780       | 1.15    
2780       | 21.09   
2780       | 4.16    
2780       | 1.15    
2780       | 20.78   
2780       | 4.14    
2780       | 1.15    
2780       | 20.98   
2780       | 4.14    
2780       | 1.15    
2780       | 8.75    
2780       | 0.08    
2780       | 0.03    
2780       | 8.75    
2780       | 0.08    
2780       | 0.03    
2780       | 20.88   
2780       | 4.16    
2780       | 1.15    
2780       | 21.09   
2780       | 4.16    
2780       | 1.15    
2780       | 2.55    
2780       | 0.05    
2780       | 0.03    
2780       | 17.44   
2780       | 5.10    
2780       | 1.44    
2800       | 16.72   
2800       | 21.73   
2800       | 36.44   
2800       | 44.17   
2800       | 11.57   
2800       | 14.92   
2800       | 29.02   
2800       | 15.33   
2800       | 18.87   
2800       | 27.47   
2800       | 34.77   
2800       | 26.83   
2800       | 34.02   
2810       | 22.01   
2810       | 2.68    
2810       | 19.61   
2810       | 2.24    
2810       | 22.65   
2810       | 2.63    
2810       | 16.17   
2810       | 1.53    
2810       | 17.56   
2810       | 2.25    
2810       | 16.06   
2810       | 2.00    
2810       | 35.01   
2810       | 3.97    
2810       | 14.93   
2810       | 1.77    
2810       | 12.21   
2810       | 1.34    
2810       | 29.57   
2810       | 3.62    
2810       | 25.42   
2810       | 2.83    
2810       | 29.46   
2810       | 3.61    
2810       | 25.27   
2810       | 2.83    
2820       | 6.95    
2820       | 3.01    
2820       | 6.87    
2820       | 3.01    
2820       | 16.84   
2820       | 2.54    
2820       | 16.76   
2820       | 2.54    
2820       | 4.58    
2820       | 2.63    
2820       | 4.52    
2820       | 2.63    
2820       | 6.70    
2820       | 4.73    
2820       | 6.97    
2820       | 1.92    
2820       | 6.91    
2820       | 1.92    
2820       | 11.50   
2820       | 3.92    
2820       | 11.38   
2820       | 3.92    
2820       | 11.47   
2820       | 3.91    
2820       | 11.36   
2820       | 3.91    
2820       | 5.96    
2820       | 0.11    
2820       | 5.96    
2820       | 0.11    
2820       | 11.50   
2820       | 3.92    
2820       | 11.38   
2820       | 3.92    
2820       | 2.41    
2820       | 0.09    
2820       | 6.70    
2820       | 4.73    
2850       | 23.83   
2850       | 5.64    
2850       | 23.80   
2850       | 5.64    
2850       | 23.83   
2850       | 5.64    
2850       | 23.80   
2850       | 5.64    
2850       | 7.99    
2850       | 0.12    
2850       | 7.99    
2850       | 0.12    
2850       | 11.97   
2850       | 3.41    
2850       | 11.96   
2850       | 3.41    
2850       | 21.07   
2850       | 3.01    
2850       | 21.04   
2850       | 3.01    
2850       | 9.24    
2850       | 3.02    
2850       | 9.22    
2850       | 3.02    
2850       | 18.55   
2850       | 5.46    
2850       | 9.69    
2850       | 2.24    
2850       | 9.67    
2850       | 2.24    
2850       | 17.62   
2850       | 4.45    
2850       | 17.59   
2850       | 4.45    
2850       | 17.63   
2850       | 4.43    
2850       | 17.60   
2850       | 4.43    
2850       | 17.62   
2850       | 4.45    
2850       | 17.59   
2850       | 4.45    
2850       | 5.87    
2850       | 0.10    
2850       | 5.87    
2850       | 0.10    
2850       | 18.55   
2850       | 5.46    
2850       | 2.25    
2850       | 0.08    
2890       | 32.14   
2890       | 5.36    
2890       | 2.65    
2890       | 47.57   
2890       | 5.40    
2890       | 2.68    
2890       | 35.47   
2890       | 6.28    
2890       | 3.04    
2890       | 35.42   
2890       | 6.30    
2890       | 3.06    
2890       | 52.18   
2890       | 0.05    
2890       | 0.02    
2890       | 53.58   
2890       | 0.05    
2890       | 0.02    
2890       | 11.94   
2890       | 3.24    
2890       | 1.62    
2890       | 20.88   
2890       | 3.26    
2890       | 1.63    
2890       | 35.53   
2890       | 3.00    
2890       | 1.57    
2890       | 45.35   
2890       | 3.05    
2890       | 1.61    
2890       | 7.02    
2890       | 2.72    
2890       | 1.35    
2890       | 12.92   
2890       | 2.73    
2890       | 1.36    
2890       | 17.21   
2890       | 5.43    
2890       | 2.81    
2890       | 14.50   
2890       | 2.03    
2890       | 1.04    
2890       | 19.12   
2890       | 2.06    
2890       | 1.06    
2890       | 22.10   
2890       | 4.22    
2890       | 2.09    
2890       | 34.23   
2890       | 4.25    
2890       | 2.11    
2890       | 21.94   
2890       | 4.22    
2890       | 2.09    
2890       | 33.92   
2890       | 4.25    
2890       | 2.11    
2890       | 25.14   
2890       | 4.95    
2890       | 2.40    
2890       | 25.08   
2890       | 4.96    
2890       | 2.42    
2890       | 41.32   
2890       | 0.04    
2890       | 0.02    
2890       | 42.34   
2890       | 0.05    
2890       | 0.02    
2890       | 13.74   
2890       | 6.84    
2890       | 3.40    
2890       | 76.16   
2890       | 0.02    
2890       | 0.01    
2900       | 44.90   
2900       | 1.97    
2900       | 59.89   
2900       | 1.72    
2900       | 17.03   
2900       | 1.18    
2900       | 25.72   
2900       | 1.08    
2900       | 45.48   
2900       | 1.38    
2900       | 55.47   
2900       | 1.14    
2900       | 9.61    
2900       | 0.94    
2900       | 16.23   
2900       | 0.89    
2900       | 17.78   
2900       | 2.25    
2900       | 18.39   
2900       | 0.79    
2900       | 24.24   
2900       | 0.69    
2900       | 31.50   
2900       | 1.53    
2900       | 43.04   
2900       | 1.36    
2900       | 30.64   
2900       | 1.55    
2900       | 42.33   
2900       | 1.38    
2910       | 42.20   
2910       | 37.32   
2910       | 17.39   
2910       | 14.47   
2910       | 40.98   
2910       | 38.41   
2910       | 12.07   
2910       | 10.04   
2910       | 23.63   
2910       | 18.24   
2910       | 16.57   
2910       | 29.90   
2910       | 26.05   
2910       | 29.66   
2910       | 25.83   
2920       | 23.04   
2920       | 31.09   
2920       | 8.32    
2920       | 13.12   
2920       | 27.23   
2920       | 31.83   
2920       | 4.13    
2920       | 8.25    
2920       | 3.95    
2920       | 10.26   
2920       | 13.43   
2920       | 16.02   
2920       | 22.19   
2920       | 15.59   
2920       | 21.93   
2930       | 7.98    
2930       | 4.43    
2930       | 1.68    
2930       | 36.34   
2930       | 4.57    
2930       | 1.74    
2930       | 40.97   
2930       | 0.03    
2930       | 0.01    
2930       | 45.24   
2930       | 0.05    
2930       | 0.02    
2930       | 16.14   
2930       | 5.13    
2930       | 1.96    
2930       | 15.56   
2930       | 5.20    
2930       | 2.00    
2930       | 6.70    
2930       | 2.69    
2930       | 1.04    
2930       | 18.60   
2930       | 2.74    
2930       | 1.07    
2930       | 8.57    
2930       | 2.32    
2930       | 0.91    
2930       | 32.93   
2930       | 2.49    
2930       | 1.00    
2930       | 5.66    
2930       | 2.42    
2930       | 0.93    
2930       | 12.44   
2930       | 2.45    
2930       | 0.94    
2930       | 30.79   
2930       | 4.08    
2930       | 1.61    
2930       | 2.88    
2930       | 1.79    
2930       | 0.70    
2930       | 13.84   
2930       | 1.86    
2930       | 0.74    
2930       | 6.86    
2930       | 3.50    
2930       | 1.33    
2930       | 27.32   
2930       | 3.59    
2930       | 1.38    
2930       | 6.86    
2930       | 3.49    
2930       | 1.34    
2930       | 27.07   
2930       | 3.59    
2930       | 1.38    
2930       | 32.35   
2930       | 0.03    
2930       | 0.01    
2930       | 35.45   
2930       | 0.04    
2930       | 0.02    
2930       | 11.71   
2930       | 4.04    
2930       | 1.55    
2930       | 11.25   
2930       | 4.09    
2930       | 1.58    
2930       | 60.71   
2930       | 0.01    
2930       | 0.00    
2930       | 10.45   
2930       | 5.08    
2930       | 2.00    
2940       | 16.64   
2940       | 4.54    
2940       | 2.06    
2940       | 42.43   
2940       | 4.65    
2940       | 2.12    
2940       | 27.22   
2940       | 5.20    
2940       | 2.42    
2940       | 26.33   
2940       | 5.25    
2940       | 2.45    
2940       | 39.93   
2940       | 0.05    
2940       | 0.02    
2940       | 43.10   
2940       | 0.06    
2940       | 0.03    
2940       | 4.95    
2940       | 2.76    
2940       | 1.28    
2940       | 19.73   
2940       | 2.80    
2940       | 1.30    
2940       | 22.33   
2940       | 2.35    
2940       | 1.15    
2940       | 38.89   
2940       | 2.47    
2940       | 1.23    
2940       | 3.21    
2940       | 2.33    
2940       | 1.10    
2940       | 12.53   
2940       | 2.35    
2940       | 1.12    
2940       | 21.75   
2940       | 4.49    
2940       | 2.04    
2940       | 8.72    
2940       | 1.68    
2940       | 0.85    
2940       | 16.39   
2940       | 1.73    
2940       | 0.88    
2940       | 10.79   
2940       | 3.58    
2940       | 1.64    
2940       | 30.84   
2940       | 3.65    
2940       | 1.68    
2940       | 10.70   
2940       | 3.58    
2940       | 1.64    
2940       | 30.81   
2940       | 3.65    
2940       | 1.68    
2940       | 19.28   
2940       | 4.09    
2940       | 1.92    
2940       | 18.50   
2940       | 4.13    
2940       | 1.94    
2940       | 31.66   
2940       | 0.04    
2940       | 0.02    
2940       | 33.97   
2940       | 0.05    
2940       | 0.02    
2940       | 9.51    
2940       | 5.47    
2940       | 2.53    
2940       | 57.74   
2940       | 0.02    
2940       | 0.01    
2950       | 24.21   
2950       | 0.07    
2950       | 62.93   
2950       | 0.12    
2950       | 5.95    
2950       | 0.06    
2950       | 28.93   
2950       | 0.09    
2950       | 32.10   
2950       | 0.07    
2950       | 53.41   
2950       | 0.12    
2950       | 1.90    
2950       | 0.07    
2950       | 19.63   
2950       | 0.09    
2950       | 20.39   
2950       | 0.09    
2950       | 10.79   
2950       | 0.06    
2950       | 25.01   
2950       | 0.09    
2950       | 15.58   
2950       | 0.07    
2950       | 45.99   
2950       | 0.11    
2950       | 15.14   
2950       | 0.06    
2950       | 45.39   
2950       | 0.10    
2960       | 22.09   
2960       | 6.58    
2960       | 49.31   
2960       | 6.76    
2960       | 23.63   
2960       | 0.08    
2960       | 33.50   
2960       | 0.09    
2960       | 32.62   
2960       | 7.12    
2960       | 32.36   
2960       | 7.12    
2960       | 9.41    
2960       | 4.01    
2960       | 23.38   
2960       | 4.08    
2960       | 24.60   
2960       | 3.55    
2960       | 45.21   
2960       | 3.73    
2960       | 7.31    
2960       | 3.35    
2960       | 16.24   
2960       | 3.39    
2960       | 27.59   
2960       | 6.77    
2960       | 9.83    
2960       | 2.47    
2960       | 20.14   
2960       | 2.55    
2960       | 15.21   
2960       | 5.21    
2960       | 36.46   
2960       | 5.33    
2960       | 15.35   
2960       | 5.19    
2960       | 35.74   
2960       | 5.31    
2960       | 18.64   
2960       | 0.07    
2960       | 25.82   
2960       | 0.08    
2960       | 23.59   
2960       | 5.63    
2960       | 23.39   
2960       | 5.63    
2960       | 35.47   
2960       | 0.04    
2960       | 18.84   
2960       | 7.44    
2330       | 6.00    
2330       | 3.03    
2330       | 6.01    
2330       | 3.03    
2330       | 16.95   
2330       | 2.55    
2330       | 16.93   
2330       | 2.55    
2330       | 3.56    
2330       | 2.69    
2330       | 3.57    
2330       | 2.69    
2330       | 3.23    
2330       | 4.65    
2330       | 6.85    
2330       | 1.97    
2330       | 6.84    
2330       | 1.97    
2330       | 10.45   
2330       | 3.95    
2330       | 10.47   
2330       | 3.95    
2330       | 10.42   
2330       | 3.93    
2330       | 10.44   
2330       | 3.93    
2330       | 10.45   
2330       | 3.95    
2330       | 10.47   
2330       | 3.95    
2330       | 6.47    
2330       | 0.15    
2330       | 6.47    
2330       | 0.15    
2330       | 3.23    
2330       | 4.65    
2330       | 3.06    
2330       | 0.11    
2340       | 3.17    
2340       | 2.98    
2340       | 12.87   
2340       | 3.03    
2340       | 8.67    
2340       | 2.45    
2340       | 24.19   
2340       | 2.60    
2340       | 3.53    
2340       | 2.65    
2340       | 9.29    
2340       | 2.68    
2340       | 16.83   
2340       | 4.60    
2340       | 2.33    
2340       | 1.93    
2340       | 11.14   
2340       | 1.99    
2340       | 3.68    
2340       | 3.87    
2340       | 19.36   
2340       | 3.97    
2340       | 3.89    
2340       | 3.85    
2340       | 19.18   
2340       | 3.94    
2340       | 5.79    
2340       | 0.09    
2340       | 14.93   
2340       | 0.14    
2340       | 10.25   
2340       | 3.94    
2340       | 10.27   
2340       | 3.94    
2340       | 16.35   
2340       | 0.07    
2340       | 5.12    
2340       | 4.64    
2740       | 35.46   
2740       | 35.97   
2740       | 14.04   
2740       | 14.32   
2740       | 35.64   
2740       | 36.14   
2740       | 8.07    
2740       | 8.26    
2740       | 0.08    
2740       | 14.57   
2740       | 14.82   
2740       | 25.06   
2740       | 25.24   
2740       | 24.59   
2740       | 25.04   
2750       | 24.81   
2750       | 5.15    
2750       | 1.90    
2750       | 19.56   
2750       | 5.17    
2750       | 1.89    
2750       | 11.77   
2750       | 0.16    
2750       | 0.06    
2750       | 11.70   
2750       | 0.16    
2750       | 0.06    
2750       | 24.81   
2750       | 5.15    
2750       | 1.90    
2750       | 19.56   
2750       | 5.17    
2750       | 1.89    
2750       | 10.42   
2750       | 3.12    
2750       | 1.17    
2750       | 7.25    
2750       | 3.13    
2750       | 1.17    
2750       | 27.25   
2750       | 2.80    
2750       | 1.11    
2750       | 24.28   
2750       | 2.81    
2750       | 1.10    
2750       | 6.44    
2750       | 2.69    
2750       | 0.99    
2750       | 3.72    
2750       | 2.69    
2750       | 0.99    
2750       | 4.49    
2750       | 5.16    
2750       | 2.02    
2750       | 11.35   
2750       | 1.98    
2750       | 0.75    
2750       | 9.31    
2750       | 1.99    
2750       | 0.75    
2750       | 17.74   
2750       | 4.08    
2750       | 1.50    
2750       | 13.54   
2750       | 4.09    
2750       | 1.49    
2750       | 17.49   
2750       | 4.05    
2750       | 1.51    
2750       | 13.38   
2750       | 4.06    
2750       | 1.51    
2750       | 8.99    
2750       | 0.14    
2750       | 0.06    
2750       | 8.94    
2750       | 0.14    
2750       | 0.06    
2750       | 17.74   
2750       | 4.08    
2750       | 1.50    
2750       | 13.54   
2750       | 4.09    
2750       | 1.49    
2750       | 4.94    
2750       | 0.11    
2750       | 0.05    
2750       | 4.49    
2750       | 5.16    
2750       | 2.02    
2795       | 1.19    
2795       | 0.15    
2795       | 3.52    
2795       | 0.11    
2795       | 2.13    
2795       | 0.21    
2795       | 6.68    
2795       | 0.08    
2795       | 1.22    
2795       | 0.12    
2795       | 2.60    
2795       | 0.10    
2795       | 5.36    
2795       | 0.30    
2795       | 0.61    
2795       | 0.11    
2795       | 3.15    
2795       | 0.06    
